   2.0000000e+00   6.1606245e-01   8.8709856e-01  -1.9103005e-01   1.1485271e+00   4.2475109e-01  -1.6741769e-01
   2.0000000e+00  -1.5066569e+00  -3.1160043e-01   3.3813551e-01   2.2054530e-01   2.8092505e-01  -1.3665550e+00
   2.0000000e+00  -1.2457841e+00  -1.3275994e+00   1.2245310e+00   1.4010435e-01  -7.5476376e-01  -6.8723334e-02
   2.0000000e+00   1.1480609e+00   1.2061466e-01  -1.8949048e-01   6.7182998e-01  -1.5466711e+00  -1.0128141e+00
   1.0000000e+00   6.7552205e-01  -8.2863207e-01   3.1213350e-01   1.3173645e+00   2.3496196e-01  -4.6740858e-01
   2.0000000e+00   5.1805985e-01   3.3918641e-01   8.7380744e-01  -1.2329140e-01   1.5864528e-01   1.7886901e+00
   2.0000000e+00   8.7383666e-01  -1.1878202e+00  -8.2749564e-02  -9.0355792e-01  -8.5147364e-01   7.3412905e-01
   1.0000000e+00  -8.3708303e-01   5.0712903e-01   4.3379090e-01  -1.4230967e+00   1.9228500e+00   1.6851411e-01
   1.0000000e+00  -7.3828546e-01  -1.1866561e+00   3.5269146e-01   4.3091250e-01   5.3326508e-01  -1.7688440e-01
   2.0000000e+00   1.6437707e-02   1.0185089e+00  -5.3944723e-01  -1.1024825e+00   2.1592063e+00   9.8373724e-02
   2.0000000e+00   7.3252764e-01  -1.6431867e+00  -7.8181182e-01   3.6376665e-01  -3.6521885e-01  -9.4475490e-01
   1.0000000e+00   1.0450713e+00   1.2580589e+00   3.9475781e-01   7.9758086e-01   8.8502607e-01   7.5589483e-01
   2.0000000e+00   1.2795989e+00   1.9449728e+00  -3.4715356e-01  -7.8219989e-01   1.0003342e+00   8.0590698e-01
   1.0000000e+00   6.8007613e-01   4.4526974e-01   4.9882015e-01  -2.8479551e-02  -5.5247240e-01   8.2551033e-01
   2.0000000e+00  -1.1426853e+00   6.8559208e-01  -1.2446458e+00  -1.6409898e+00   8.3408164e-01   5.2488370e-01
   2.0000000e+00   4.8091549e-01   2.6707842e+00   1.5886648e-01   5.0553986e-01   1.2654636e+00  -1.2168692e+00
   2.0000000e+00  -1.9612642e-01  -8.5621790e-01  -4.0684067e-01  -1.7336835e-01   3.4609014e-01   2.5938496e-01
   2.0000000e+00   2.5370073e-01   3.8824659e-01   6.2763003e-01   6.0712435e-01   1.7640881e+00  -1.3250995e+00
   1.0000000e+00   1.1627543e+00  -8.3768154e-01   4.7993161e-01   7.4650914e-01   3.6785976e-01   2.5301512e-01
   2.0000000e+00   1.1851318e+00  -4.3543041e-01   1.0890219e+00  -1.5153340e+00  -9.1329865e-01   5.3617417e-01
   2.0000000e+00   4.3410329e-01  -1.1795763e-02   9.9649902e-01   9.4024604e-01  -3.9171770e-01   4.3470469e-01
   2.0000000e+00   1.5275185e+00   1.1540274e-01  -1.9292659e+00  -4.9672392e-01   5.2212978e-01   3.6769719e-01
   2.0000000e+00   4.3631132e-01   4.2691052e-01  -5.2204116e-01  -5.0384586e-01  -2.5371193e-01  -1.1829355e+00
   1.0000000e+00   1.0361373e+00  -6.3645272e-01   2.9832574e-02  -1.8750998e-01   1.0210343e+00   3.6747981e-01
   2.0000000e+00  -1.1774333e+00   9.3090591e-01  -2.3550685e-01   1.7037676e-01   1.2917227e+00  -9.5109238e-03
   2.0000000e+00  -1.5088141e-01  -8.2134574e-01  -6.0806884e-01   7.1279000e-01   3.8888416e-01   2.6351887e-01
   2.0000000e+00   4.2444951e-01  -1.9988600e-01   2.0239631e+00   9.6248000e-01  -3.9215350e-01  -1.7984345e-01
   2.0000000e+00  -9.9833944e-01  -1.3262572e+00  -5.0633775e-01   2.0084240e+00   6.7659142e-01  -1.2369174e+00
   1.0000000e+00  -1.5447144e+00   7.1405236e-01   6.0272720e-02  -6.0823729e-01   4.4367097e-01  -3.3250578e-01
   2.0000000e+00   1.1444315e+00   4.0707796e-01   5.9986624e-02   1.2229146e+00   2.4589092e-01   2.0205705e+00
   2.0000000e+00  -1.0416339e+00   1.1180194e+00   1.2446401e+00  -1.2873903e+00   2.4372007e-02   1.2142430e+00
   2.0000000e+00  -1.5234237e+00   1.2253449e-01   1.9561332e+00  -1.5831094e+00  -7.8062629e-01  -2.1295977e-01
   2.0000000e+00   2.7806934e+00   3.1980144e-01  -1.4012096e+00  -3.8434030e-01   1.4784973e+00   2.4304755e+00
   1.0000000e+00   6.2921890e-01  -2.0423102e+00   1.5908772e-01   1.6169386e+00   2.2415335e-01   9.1433230e-01
   2.0000000e+00  -2.3453070e-01  -2.2698709e+00  -4.1129868e-01   7.0314876e-01   5.2861219e-01   5.2401770e-01
   2.0000000e+00  -6.4692426e-01  -3.3302383e-01   4.7082663e-01   1.5651644e+00  -9.9349597e-01   1.1658634e+00
   1.0000000e+00  -4.3088084e-01  -2.5780379e-01   4.5833513e-01  -7.8702125e-01  -3.4858307e-02   4.8813414e-01
   2.0000000e+00  -3.3550154e-01  -4.0930768e-01  -2.2686239e+00   5.0229863e-01  -6.6721248e-01   1.0139632e-01
   2.0000000e+00   8.7625271e-01   7.7829099e-01   2.6977592e-01  -1.0008037e+00   5.1545071e-01  -1.1601284e+00
   2.0000000e+00  -6.0350502e-01   1.0231207e-01   1.2101054e+00  -5.8602427e-01   2.0497429e+00  -1.4216371e+00
   2.0000000e+00  -1.0146861e+00   1.0771430e-01   1.2197778e+00   7.2576298e-01   1.0967312e+00   6.3816824e-01
   1.0000000e+00   1.0361217e+00  -1.6115892e+00   9.6493940e-01  -1.5699178e+00   1.0034011e+00   1.9563340e-01
   2.0000000e+00   4.0235448e-02   7.7290431e-01   1.2332469e+00  -2.0038585e+00   1.3502615e+00   5.6608879e-01
   1.0000000e+00   6.0062521e-01   8.9571423e-01   3.6667571e-01  -1.0649103e-01   8.4158434e-01   2.3463784e-01
   1.0000000e+00   9.3038329e-01  -2.2316716e+00   7.5411081e-01  -8.0730884e-01   4.9669132e-01  -8.7355853e-02
   2.0000000e+00  -1.2816871e-01  -3.4595024e-01   3.7738789e-01   2.3032357e-01  -6.0660110e-01  -1.0431188e+00
   1.0000000e+00  -1.8521340e+00   7.2800932e-01   6.1277024e-02   4.1544080e-01  -8.9811466e-01  -5.3072398e-01
   2.0000000e+00  -1.0070984e+00   9.7194188e-01   1.3743928e+00   5.0139816e-01  -1.6050756e+00  -1.0194478e+00
   2.0000000e+00  -7.1529029e-01  -6.9358242e-01   1.3719861e+00  -9.3384120e-02   3.1186006e-01  -5.1387953e-01
   2.0000000e+00   5.2454159e-01  -8.1335652e-01   8.8072656e-01   8.3435397e-01  -5.3059390e-01   2.2550978e+00
   2.0000000e+00  -1.0365190e+00  -8.4405017e-02  -9.5158602e-01   1.2618445e+00  -5.8137552e-01   6.3870330e-01
   2.0000000e+00   1.8511414e-01  -2.0610257e+00   1.8272836e+00  -4.5232511e-01   5.6189251e-02   2.2617891e+00
   2.0000000e+00  -1.4278540e-01  -1.4875383e+00  -1.7518283e+00  -4.5805158e-01   3.1586332e-01   1.3288538e+00
   2.0000000e+00   3.5687456e-02  -4.3972517e-01   1.0481348e+00  -1.1715750e+00  -5.6262050e-01  -6.5284172e-01
   1.0000000e+00   5.4906808e-01  -1.1779685e+00   4.4192217e-01   3.4930308e-01   8.8635212e-01   2.3922120e-01
   2.0000000e+00   8.9943614e-01   2.8059999e+00  -2.6337173e-01   1.1213502e+00  -8.6849330e-01  -2.4214208e-01
   2.0000000e+00  -7.3121941e-01   5.0716698e-01  -1.8454085e+00   2.3007706e-01   6.5704405e-02   5.5522647e-01
   2.0000000e+00  -5.0649324e-01  -1.0722597e+00  -8.1706973e-02  -1.1246705e+00   2.9142621e+00   1.1057123e-01
   2.0000000e+00   8.8675739e-02   2.2396765e-01  -7.7804159e-01  -9.1137045e-01   3.3612136e-01  -1.8050281e+00
   2.0000000e+00  -1.1881817e+00  -9.7801854e-01  -1.7248492e+00   1.1158381e+00   7.8001635e-01  -7.1178268e-01
   2.0000000e+00   2.2416734e+00  -4.6678494e-01  -1.1719088e+00   4.7535389e-01  -5.4311226e-01  -2.7620501e-01
   2.0000000e+00   7.9878755e-01   5.2165813e-01  -1.4323315e+00   1.9203251e-01   1.2253799e+00  -2.3098608e-01
   2.0000000e+00  -1.1257483e+00  -3.3368660e-01  -1.5634570e+00   3.6981553e-01   2.2225654e-01  -2.5390519e+00
   1.0000000e+00   1.0051480e+00  -8.4095269e-01   8.5089957e-01   6.8059459e-02  -1.5736260e+00   3.8724245e-01
   2.0000000e+00   1.1319132e+00  -2.4142446e+00  -1.1708015e-01   2.3001895e-01  -7.0108662e-02  -1.3411875e+00
   2.0000000e+00   1.2283733e+00  -1.4063753e+00   1.0672868e+00  -1.0712650e+00  -2.2901140e-01   5.9372799e-01
   2.0000000e+00   1.7065225e-01   7.7845921e-01  -4.9643399e-01  -8.7923362e-01  -2.7929317e-01   3.8263146e-01
   2.0000000e+00   7.6379708e-01   9.2980254e-01  -1.5638322e+00  -3.1712870e-01  -7.3951601e-01   7.2534531e-01
   2.0000000e+00  -5.8444441e-01  -1.0878300e+00  -2.8923991e-01  -7.9762009e-02  -3.6898607e-01   7.2266919e-01
   2.0000000e+00  -8.4404390e-01  -1.0105382e+00  -5.7748035e-01   1.3651685e+00   6.3346041e-01   2.7312012e-01
   2.0000000e+00  -1.3171710e+00   2.9283778e-01  -9.9788369e-02  -1.9893687e+00  -2.2844407e+00  -2.1652139e-01
   2.0000000e+00   1.1126352e+00  -7.8983588e-01   1.1959075e+00  -1.7390652e-01  -7.0349384e-02   6.9744284e-01
   2.0000000e+00   5.4378022e-01   1.5672052e+00   2.3306282e+00   3.3342503e-01   4.7016444e-02  -2.3910983e+00
   2.0000000e+00  -4.3156546e-02  -5.4683135e-01  -8.0999809e-01   4.5783437e-01  -1.8223834e+00  -1.1866355e+00
   2.0000000e+00  -1.2202752e+00   4.4769908e-01  -1.2723466e-01  -2.5339822e-01   3.8740249e-01  -9.9278294e-01
   2.0000000e+00   1.2218461e+00   1.1880848e+00  -4.8397844e-01  -6.1084164e-01  -5.5118712e-02   4.8215247e-01
   1.0000000e+00   6.6841223e-01   2.3139705e-01   1.0147000e-01   1.7565276e+00   4.9834574e-01   4.4764545e-01
   2.0000000e+00   6.5606427e-01  -2.1573628e-01   1.7663867e+00   5.7191250e-01   7.3336945e-01   1.1188398e+00
   2.0000000e+00   1.1475106e-01  -1.5047176e+00  -6.0213549e-01   9.2580099e-01   2.5520169e+00   4.7767695e-01
   2.0000000e+00   7.1079130e-01  -9.6233728e-01  -1.8827357e+00   1.4180170e+00  -5.5574840e-01  -5.8679415e-01
   2.0000000e+00   1.7359878e+00   6.2405940e-01  -3.9012483e-01  -7.6243241e-04  -5.7506331e-01   4.7881628e-02
   2.0000000e+00   1.4466991e+00   5.7925721e-01  -6.4757628e-01  -1.2381175e+00   1.4565887e-01  -3.5377065e-01
   2.0000000e+00  -1.7514034e+00  -1.0450832e-01  -3.8589679e-01  -1.4204821e+00  -1.1295904e+00  -5.1947857e-01
   2.0000000e+00   2.1751099e+00   1.7623782e+00   2.1553786e+00  -2.9393143e-01  -1.3867378e+00  -9.7525746e-01
   2.0000000e+00   2.6247599e-01  -1.7391875e+00   1.4135707e+00   1.0648037e-01  -3.6081412e-01  -5.6949566e-01
   1.0000000e+00  -2.6275307e-02  -2.5786751e+00   2.0595831e-01   5.5284626e-01   3.4980696e-01  -4.9814707e-01
   2.0000000e+00  -3.3881019e-01   6.8820221e-01   1.0769078e+00  -6.8348393e-02  -2.0542485e+00  -9.1999636e-01
   2.0000000e+00  -1.6914465e+00  -5.9460286e-01  -1.1286852e-01  -4.1443424e-01  -5.2755291e-01  -2.7687873e-02
   2.0000000e+00   9.6898337e-01   1.7542800e+00  -3.4537174e-01   4.1784906e-01   5.9100475e-01  -7.9144081e-01
   1.0000000e+00  -2.0789224e+00   4.1653265e-01   6.0137569e-01  -1.1699397e+00   2.5739752e-01  -4.7847865e-01
   2.0000000e+00   3.5947564e-01  -1.6145778e+00  -9.6766372e-01   7.2568164e-01   5.4668652e-01   6.6784923e-01
   2.0000000e+00  -6.9532470e-01  -4.8129689e-01   2.1680851e-01  -2.8990783e-01   1.4137821e-01   1.1418813e+00
   2.0000000e+00  -6.3057912e-01   2.6059864e-01  -1.1269689e+00   1.8257180e+00   5.8475259e-01   4.9759851e-01
   2.0000000e+00   1.5357891e+00   8.0215308e-01  -5.3860784e-01   8.5967542e-01   9.7204599e-01   3.1203307e-01
   1.0000000e+00  -1.5890940e+00   5.8117077e-01   5.1469368e-01  -2.7263168e-01   1.3150597e+00  -3.2758474e-01
   2.0000000e+00  -7.6963016e-02  -3.8500594e-01  -1.2458921e+00   6.1030865e-03  -2.1583246e+00   1.0402278e+00
   2.0000000e+00  -1.5983632e+00  -5.8150845e-01   6.6199868e-01   8.0557445e-01  -8.7219551e-02   8.7448313e-01
   2.0000000e+00  -2.5654879e+00   1.3986870e+00  -1.0510277e+00  -6.8070841e-01  -1.3376388e+00   2.0679144e-01
   2.0000000e+00  -4.2066877e-01   1.5297190e+00  -9.0916377e-01  -4.5392809e-01  -1.1932073e+00  -8.2189024e-01
   2.0000000e+00   7.2368275e-01   7.7404879e-01  -1.0861522e+00  -2.3925260e-01  -2.7418813e-01   2.1153835e+00
   2.0000000e+00   7.9917511e-01   4.2069351e-01  -7.8711802e-01   2.2037207e+00   1.2562954e+00   1.1006248e+00
   1.0000000e+00  -1.1812530e+00   2.7648459e-01   3.3408247e-01   3.2693691e-01   4.3690523e-01   1.6525343e-01
   2.0000000e+00   9.0639958e-02  -6.3914482e-01  -2.7167656e-01  -3.7615645e-01   2.1736811e-01   3.3750771e-01
   2.0000000e+00   1.1672559e+00  -9.7409020e-01   8.8268323e-01  -5.9173079e-01  -1.6813508e+00   7.1457794e-01
   1.0000000e+00  -2.4572392e+00   5.4125219e-01   3.9556758e-01  -1.8920616e+00   2.8731122e-01   4.5913663e-01
   2.0000000e+00   1.3073273e+00   6.4769052e-01   1.1086312e+00   8.3914256e-01   3.3326153e-01  -2.2829209e+00
   2.0000000e+00   1.0127880e+00   1.0888207e+00   1.1862122e+00   1.9964773e-01   6.5483223e-01  -4.3032566e-01
   2.0000000e+00  -1.2703735e+00   3.0551939e-01  -2.1566304e-01  -1.8161137e+00   3.9035985e-01   1.3686725e+00
   2.0000000e+00   1.5215148e-02   8.0511244e-01  -1.4338513e+00   3.0361931e-01   3.7421327e-01   1.9617354e-01
   2.0000000e+00   5.6383141e-01  -1.9907658e+00  -1.4834703e+00  -2.3753880e+00   4.7292038e-01   6.2589629e-01
   2.0000000e+00   4.7035982e-01   6.5201323e-01  -8.6333335e-01  -4.2934199e-01   6.7129061e-01  -5.0297067e-01
   1.0000000e+00  -8.6339969e-01   8.0287522e-01   1.4687157e-01  -1.1776462e+00   2.2655073e-01  -6.4512690e-01
   2.0000000e+00   4.6783821e-01   8.7946473e-01  -1.5961589e+00   5.9948931e-01  -5.8663488e-01   7.9746611e-01
   2.0000000e+00   1.7606945e-01   5.3027986e-01  -1.1454473e-01  -3.6426727e-01   1.3956791e+00   3.2824961e-01
   2.0000000e+00  -8.7319209e-01   3.9811643e+00  -3.5862185e-01  -1.5442925e+00  -8.4109080e-01   5.8877472e-01
   2.0000000e+00  -6.7820974e-01  -2.4996804e-01   3.0610637e-01  -6.8448708e-01  -4.6096759e-01  -1.3227301e+00
   1.0000000e+00  -7.4738137e-01  -1.1820844e+00   5.9943930e-01  -6.9491394e-01   3.6063411e-01  -6.0879475e-01
   2.0000000e+00   3.7948691e-01   6.2510942e-01  -2.5628237e-01  -1.7486778e+00  -1.8434207e+00  -3.3202726e-02
   2.0000000e+00  -8.9384712e-01   1.0078023e+00  -3.0926203e-01  -1.8470558e-01   9.8031581e-01  -3.8921535e-01
   2.0000000e+00  -2.6555140e-01  -2.2359169e-01  -4.1569308e-01  -3.4010285e-01   8.6266612e-01  -1.4802173e+00
   2.0000000e+00  -1.3203596e+00   1.0277577e+00  -3.0665947e+00   2.1661130e+00   1.2885954e+00  -1.8580480e-02
   2.0000000e+00   9.0964302e-01  -7.2771439e-01  -3.9362646e-01  -9.7351170e-01   1.4136042e+00   5.3884639e-01
   2.0000000e+00  -5.2997125e-01  -3.2182480e-01  -6.4531139e-01   2.4708346e-01   8.5863671e-01   4.0817822e-02
   2.0000000e+00   2.1627778e-01  -3.3194531e-01  -7.6945517e-01   4.2531742e-01  -3.8496284e-03  -2.5957033e-01
   2.0000000e+00  -1.3400166e-02  -7.3749801e-02  -2.7121376e-01  -8.6578291e-01   1.2257473e-01  -1.0421056e+00
   2.0000000e+00  -6.6041485e-01  -8.6582947e-01   2.7351110e+00  -2.0047989e+00   4.0132371e-01  -8.9265985e-01
   2.0000000e+00   6.3629205e-01  -1.1423498e+00   7.4024348e-01  -1.4854887e+00   4.4954725e-01  -7.8741701e-01
   2.0000000e+00  -1.8026831e+00   3.0546824e-01   8.8543074e-01  -1.3306197e+00  -3.1053445e-01  -1.3359380e+00
   2.0000000e+00   1.3087953e-01  -3.9626938e-01   6.1473606e-01   2.8893374e-01   1.3430644e-01   1.1427669e+00
   2.0000000e+00   2.4518963e-01   6.1072166e-02  -2.5357663e+00  -6.3679645e-01   2.6194637e+00   4.0707246e-01
   2.0000000e+00  -7.4036256e-01   1.2719231e+00   1.5022422e+00  -4.8341969e-01  -3.3836967e-01  -1.2603431e+00
   2.0000000e+00   1.1086909e+00   2.0287529e+00   1.6896058e+00  -1.1440790e-01   4.9124970e-01   3.4206457e-01
   2.0000000e+00  -1.7071115e+00  -7.2453298e-01  -3.3659092e-01  -1.0098019e-02   4.1619277e-01   3.6903368e-01
   1.0000000e+00   2.1027620e-01   8.8516105e-01   4.3087989e-01   1.9536061e+00   2.2511044e-01  -1.7256028e-01
   1.0000000e+00  -3.3956735e-01  -7.9080565e-01   2.3272136e-01   1.9602491e+00   9.7329339e-01  -5.0275402e-02
   1.0000000e+00  -4.2107027e-01  -2.2666875e-01   3.0383446e-01  -1.5160638e+00  -6.8539909e-02   4.3835703e-02
   2.0000000e+00  -5.1743670e-01   4.6513971e-01   3.3121516e-01   3.1121844e-01  -3.0974357e-01   2.2328302e+00
   2.0000000e+00  -9.8489395e-01  -7.9626068e-01   1.1355090e+00   2.0048726e+00  -1.0660613e+00   1.7591162e+00
   2.0000000e+00  -3.8521359e-01   8.8283172e-01  -7.1951693e-01   8.3205384e-01   6.3513802e-01   3.4509453e-01
   1.0000000e+00  -9.7463588e-01   1.9284635e-01   3.7247216e-01  -1.9511244e-01   4.5762999e-01   3.9975835e-01
   2.0000000e+00  -1.6029463e-01   8.1396173e-03   1.7612688e+00  -1.4525499e+00   1.0754186e+00   1.1488823e+00
   1.0000000e+00   2.4235970e-01  -1.1324534e+00   4.6380987e-01   1.2869162e+00   1.5190803e+00  -7.6845398e-02
   2.0000000e+00   2.5228505e-01  -2.8704684e-01   1.3585902e-02  -1.3852297e+00   9.5980532e-01  -2.7560185e+00
   2.0000000e+00   5.8970725e-01   1.1578782e+00  -1.6369161e-01   6.9435639e-01  -7.7728687e-01   1.5356253e+00
   2.0000000e+00   5.1464619e-01  -5.7269622e-01  -6.3788017e-01  -1.2483056e-01  -2.8160748e-01  -1.2191244e+00
   2.0000000e+00  -1.3984352e+00  -6.8293381e-01   7.4395434e-01  -2.2908788e+00  -3.2347817e-01   7.7467579e-01
   2.0000000e+00  -3.7202261e-01  -4.7259507e-01   6.2004166e-01  -1.4993816e+00   2.1918743e+00  -2.3132761e-01
   1.0000000e+00  -6.5963453e-01  -6.2314666e-01   7.3506103e-03  -1.4497356e+00   2.1199344e-01   8.4576940e-01
   2.0000000e+00  -7.0937414e-02  -1.2500975e-01  -1.6163051e+00  -7.9045440e-02   4.2022173e-01   1.4416694e+00
   1.0000000e+00  -2.5685216e-01   5.6030237e-01   4.1834734e-01  -2.5388338e-01  -2.6180293e-01  -7.5590937e-01
   2.0000000e+00   1.1063388e+00  -1.0298028e+00  -4.6549413e-01   9.7074226e-01   6.3598794e-02   7.7744357e-01
   2.0000000e+00  -4.1004818e-01  -1.0758398e-01  -6.4060162e-02  -2.5829486e-01   7.1169502e-03  -1.5722078e-01
   1.0000000e+00  -8.8900924e-01   7.5644816e-01   1.3006822e-01  -1.8993387e+00  -3.0278420e-01   2.4605376e-01
   2.0000000e+00   3.5607615e-01   1.0478377e-01  -2.1961133e-01   5.3026798e-01  -1.1878643e-01  -6.3138599e-03
   2.0000000e+00  -7.3346733e-01  -1.8280874e-01  -1.3982507e+00  -1.8057339e-01   3.4428154e-01  -1.0995215e+00
   2.0000000e+00  -7.4339114e-01   4.3208136e-01  -1.1811470e-01  -9.4055128e-02   1.3328562e-02   1.3937071e+00
   2.0000000e+00  -5.5077778e-01   9.8156816e-01  -3.0189673e-02   2.0875200e+00  -1.1975094e+00  -2.4293555e-02
   2.0000000e+00  -4.3218041e-01  -7.9658420e-01   1.0331577e+00  -1.6010859e+00  -1.1599357e+00  -1.1058134e+00
   2.0000000e+00  -5.5083146e-01   5.5122033e-02   7.9915556e-01  -1.4530335e-01  -1.4114537e+00   6.1218981e-01
   1.0000000e+00  -1.2838982e+00   4.0393092e-01   7.7452455e-01  -3.1287019e-01  -8.9330180e-01  -4.1472538e-04
   2.0000000e+00  -1.3061926e-01  -1.0055729e+00  -2.5658442e+00   7.3574210e-01   5.9155468e-01  -1.6285035e+00
   2.0000000e+00   1.0613422e+00   1.2232760e-01  -3.9482190e-01  -7.7552243e-01  -2.9294789e-01  -4.4723510e-01
   2.0000000e+00   1.4412431e+00  -2.0510718e+00   8.7959660e-01   6.4354803e-01  -1.4269583e+00  -6.8696017e-01
   2.0000000e+00  -1.3159189e+00   1.1933572e+00  -9.3043124e-01   3.6800807e-01   9.8249062e-01   1.3523330e+00
   2.0000000e+00  -1.3488283e+00  -1.0184709e+00  -1.0870613e-01   9.5225929e-01   8.7444629e-01   5.5189858e-01
   2.0000000e+00   2.3423856e-02  -8.8562586e-01  -1.0145943e+00  -7.6607212e-01  -7.7514048e-01  -3.3607508e-02
   2.0000000e+00   1.3723785e+00  -8.8012568e-03  -2.6809268e+00  -2.1718637e+00  -2.8633978e-01  -1.7133513e-01
   2.0000000e+00   2.2477720e-01   1.5403803e-02  -1.9209877e-01   7.2711375e-01   1.6284500e+00  -4.5030466e-02
   2.0000000e+00   2.2507482e-01  -2.5611443e+00  -1.6934086e+00   1.9221504e+00   1.1043808e+00  -2.3550736e+00
   2.0000000e+00   1.5089841e+00   4.7844063e-01  -1.6560990e+00  -1.0131858e+00  -1.7931598e-01  -4.7415083e-01
   2.0000000e+00  -1.0076782e-01  -1.8453665e+00   1.0310435e+00  -7.9545433e-01  -1.2347440e+00  -5.0294398e-01
   2.0000000e+00  -8.1952644e-01   6.6915992e-01  -6.8789438e-01  -1.5533647e+00  -4.9963663e-01   4.0035640e-02
   2.0000000e+00  -4.5783313e-01   3.5063986e-01  -1.3976001e-01  -1.1297595e-01   1.6686046e+00  -1.8715967e+00
   2.0000000e+00  -2.0323332e-01   3.7924152e-01  -1.9590436e+00   7.4098486e-01   7.1026493e-02   4.1705825e-01
   2.0000000e+00   1.4912318e+00  -1.0450576e+00  -1.3382771e+00  -1.8142930e+00  -1.6005048e+00   1.4913720e+00
   2.0000000e+00   1.9346134e+00  -2.5322578e+00  -1.2774323e+00   2.2513558e-01  -4.4674321e-01  -5.1737261e-01
   2.0000000e+00   2.2373486e-01  -1.3649856e+00   1.5521463e+00   5.5832860e-01   1.4110335e+00  -5.4563616e-01
   2.0000000e+00  -1.2925957e+00  -1.9234105e+00   2.2833167e+00  -2.0315572e+00  -8.0182597e-01  -6.0016071e-01
   2.0000000e+00  -7.7603453e-01  -4.2180932e-01  -1.0908439e+00  -1.3313340e+00  -7.4921151e-01   1.2254426e+00
   2.0000000e+00   5.7929237e-02   1.7297781e-01  -1.4815840e+00  -7.4923969e-01   1.0154478e+00   1.3932565e+00
   2.0000000e+00   5.0101213e-01  -4.5317399e-01  -1.0528458e+00  -4.4344725e-02   1.2143310e+00   5.1635572e-01
   2.0000000e+00  -1.0126185e+00   4.0576637e-02   1.6553180e+00  -6.0867459e-01  -1.4805433e+00   7.5878491e-01
   2.0000000e+00  -3.4360491e-01  -2.0200794e+00  -4.9850406e-02   4.3527345e-01  -7.9478996e-01  -1.1885021e+00
   2.0000000e+00   4.5124170e-01   5.5508122e-01  -5.7025287e-01  -6.4393182e-02   1.7441087e+00   9.0082161e-01
   2.0000000e+00   5.4647738e-01   1.7513161e+00   1.0966455e+00  -3.1655207e-02   1.7660517e+00   9.7386804e-02
   2.0000000e+00  -1.6981117e+00  -1.0021088e+00  -6.3765570e-01  -6.3911813e-01   3.3283257e-01  -2.2687161e-01
   2.0000000e+00  -9.6642907e-01  -5.8392175e-01  -1.7561813e-01   1.8709440e-01  -6.8522838e-01  -9.0997767e-02
   2.0000000e+00   3.6446770e-01   3.4936544e-01   1.0290584e+00   6.7986137e-01   1.8044728e+00   1.5586412e+00
   2.0000000e+00   1.0572710e+00   3.5868074e-01  -3.9447881e-01  -1.5566564e+00   1.4684505e+00   2.1693125e-01
   2.0000000e+00  -8.0319284e-01   1.4069167e+00   4.5924280e-01   8.3791307e-01  -1.8270693e+00   1.0525338e+00
   2.0000000e+00   5.6368024e-01  -1.1303036e+00  -1.1264848e+00  -8.3526451e-02  -9.3079822e-01   8.4882712e-01
   2.0000000e+00  -5.2094176e-01  -1.2370102e+00   1.3030483e+00  -8.7967946e-01  -6.4038360e-01   1.3776462e-01
   1.0000000e+00   2.2052652e-01  -2.0316517e+00   1.2865750e-01   1.3595894e+00   1.1455632e+00   4.2549325e-01
   2.0000000e+00   1.3200100e+00  -1.5356971e+00   1.2491361e-01  -1.0303871e+00   8.8403964e-01  -1.3702731e+00
   1.0000000e+00   6.9385544e-02   6.5282465e-01   5.4546500e-01   4.5084291e-01  -8.1440796e-01  -5.8793696e-01
   2.0000000e+00   5.7023552e-01  -2.8158178e-02  -4.8264226e-01   1.0105924e+00  -3.7815308e-01  -3.4046422e-01
   2.0000000e+00   1.1412798e+00   7.8817926e-01  -2.4119571e-01  -8.6836991e-01  -6.3732324e-01   6.4497878e-01
   1.0000000e+00   1.6346002e+00   1.7642740e+00   7.1056077e-01  -1.2218962e+00   4.2675621e-01  -3.2286598e-01
   2.0000000e+00   7.5336386e-01  -4.3039188e-02  -1.7954847e+00   2.4633594e+00  -3.2493048e-01   2.4390484e+00
   2.0000000e+00   2.3853278e+00   1.3651574e+00   2.8302551e-01  -1.7187345e-01  -2.7272492e-02   2.4822879e+00
   2.0000000e+00   1.8588184e+00  -7.6571156e-01  -1.1270037e-01   7.1037147e-02  -8.9433007e-01   1.5002003e+00
   2.0000000e+00  -2.0860180e-01  -1.9671532e-01  -1.1250660e-01  -1.0280305e+00   1.7133746e+00   1.3250974e-01
   2.0000000e+00  -1.3613248e+00  -1.3768079e+00  -4.0530213e-01   8.0719048e-01   1.3615376e-01   1.4187878e-01
   2.0000000e+00   1.6435786e+00   4.1709571e-01   1.5930907e+00   2.0109178e-01   6.7402791e-01   1.3013857e+00
   2.0000000e+00   2.7025242e-01   2.1671803e-01   1.0698653e-01   9.9173065e-01   8.3651126e-01  -1.1436803e+00
   2.0000000e+00  -1.9650308e+00  -1.3720425e+00   7.9513107e-01  -5.4323921e-02   3.4102379e-01  -1.7318505e+00
   2.0000000e+00   2.3227384e-01  -9.1578462e-02   1.6821726e+00  -3.6067461e-02   1.3621358e+00  -2.2382717e+00
   2.0000000e+00  -1.2390746e+00   7.4739649e-01  -2.8062262e-01   1.5641068e-01   1.2292852e+00  -3.2423534e-01
   2.0000000e+00   1.3775977e+00   9.1369196e-01  -7.5732250e-03   1.0707312e+00   1.2494994e+00  -1.9615541e-01
   1.0000000e+00  -1.1728003e+00  -1.3191691e+00   6.1412320e-01   9.8231234e-01  -4.4553429e-01  -3.6058689e-02
   2.0000000e+00  -7.9234084e-01   4.7184799e-01  -1.3790270e+00  -8.0474375e-01  -4.7269265e-01  -1.1794899e+00
   2.0000000e+00   4.1602232e-01   3.0830240e-01  -7.0384910e-01   5.6699257e-01   1.6063808e+00  -2.0937050e+00
   2.0000000e+00  -1.1697356e+00   4.9079483e-01  -1.6986665e+00  -5.7892675e-02   1.3560223e-01  -9.0446744e-01
   2.0000000e+00   1.5491335e+00   1.1703782e+00   1.6978959e+00  -1.0676836e-01   9.5452219e-01   1.0928540e+00
   1.0000000e+00   1.1420482e+00   1.9777898e-01   4.2460851e-01  -7.2987717e-01   8.5902423e-01   4.2785445e-01
   2.0000000e+00   3.0612986e-01   1.5665387e+00  -6.8784419e-01  -3.4259272e-01  -1.3414108e+00  -1.0915255e+00
   2.0000000e+00  -1.2463481e-01  -3.5884599e-01  -5.6761730e-02   1.2336425e-01  -1.4213328e+00  -2.6074936e+00
   2.0000000e+00  -1.8422528e+00  -1.3853753e+00   2.5943889e+00  -7.7023715e-02  -1.3923832e+00  -1.6710255e+00
   2.0000000e+00  -6.7075759e-01  -1.7431377e-01  -1.0506343e+00  -4.9962259e-01  -1.1072458e+00  -1.4836329e+00
   2.0000000e+00   9.7738115e-01  -1.3933556e+00   3.1022648e-01   1.0885112e+00   2.3653607e+00  -9.0239256e-01
   1.0000000e+00  -2.3420804e-01  -8.5498931e-01   6.0997075e-01   6.1643532e-01   1.2564314e+00  -5.5432608e-01
   2.0000000e+00   4.0344477e-01   1.4091685e+00   1.4229631e+00  -3.6729376e-01  -1.5688871e+00  -2.8038933e-01
   2.0000000e+00  -5.8840347e-01   1.7062039e-03   2.1540731e+00   1.9401993e-01  -8.0438972e-02   1.1581513e-02
   2.0000000e+00   1.7166592e+00   5.4692917e-01  -7.3037276e-01   1.1422183e+00   7.1198366e-01  -1.7606834e-01
   2.0000000e+00  -3.9659343e-02  -4.4958836e-01   6.9747213e-01  -1.4488983e-01   1.7694529e-01  -1.1080310e+00
   2.0000000e+00  -1.0479760e+00  -1.0852121e+00   3.6523280e+00  -6.1945803e-02  -4.4290454e-01  -5.3100263e-01
   2.0000000e+00   1.3499195e+00   1.6879891e-01  -1.3804772e+00  -1.9302280e+00  -4.8028395e-01   7.7065310e-01
   2.0000000e+00  -1.3328032e+00   7.3360881e-01  -6.6694818e-01  -2.0982861e+00  -3.3522710e-02  -9.4149216e-02
   2.0000000e+00   3.8454777e-01   7.0638742e-01   8.1808005e-01   1.9447958e-01  -1.2094433e-02   8.0016594e-01
   2.0000000e+00  -2.4856396e-01   1.2478878e+00   6.8165094e-02   2.5091768e-01   2.6798197e+00   1.0322871e-01
   2.0000000e+00   1.7980757e-01  -1.2777764e+00  -1.9436751e+00   7.9604893e-01   7.1164577e-01   1.6226013e+00
   2.0000000e+00  -3.5343104e-01   6.6783405e-01   1.0243073e+00   8.1597259e-02  -3.7389200e-01  -2.9954437e-01
   2.0000000e+00  -7.6332304e-01  -9.6174077e-01   1.7601258e+00  -7.0090388e-01  -3.7985043e-01  -1.4908112e+00
   2.0000000e+00  -7.5238264e-01   1.3975689e-02  -3.0184532e-01   3.1047928e-01   6.9089490e-01  -8.1750454e-01
   2.0000000e+00  -9.0827839e-01  -2.1267040e+00  -1.7887316e+00   9.3987970e-01   1.5526907e-01   7.8816970e-01
   1.0000000e+00   3.5452571e-01  -1.5330321e-01   2.2083624e-01   5.3252743e-01  -1.1590392e+00  -3.4688208e-02
   2.0000000e+00  -2.2235729e+00   7.4794509e-01   1.0634738e+00  -3.5366169e-02   2.5337071e-02   1.8658484e+00
   2.0000000e+00   5.4165268e-01   2.8739573e-02  -8.9161385e-01  -2.6444142e-01   9.3119189e-01  -5.0912073e-01
   2.0000000e+00   3.7037319e-01   5.0401146e-01  -2.9945275e-02   2.2302094e-01   6.8979287e-01  -3.4248480e-01
   2.0000000e+00  -3.7455556e-01   6.9591855e-01   2.1377919e+00  -1.0532461e-02   8.8214436e-01   9.0176856e-01
   2.0000000e+00  -1.1778798e+00  -1.0916640e-01  -2.9465058e-01   7.7190208e-02  -1.7629710e+00   7.9130046e-01
   2.0000000e+00   8.8945223e-01   6.5361611e-02  -1.7155015e+00   1.5942805e+00   1.2486498e+00  -1.7698220e+00
   1.0000000e+00  -6.0389457e-01   1.4019833e+00   1.4137515e-01  -4.6669246e-01   2.0210777e-01   2.6873258e-01
   1.0000000e+00  -2.1515943e-01   2.2482840e+00   2.7352600e-02   3.7658327e-01  -2.3302782e-02  -3.9869752e-01
   2.0000000e+00   6.8766043e-01  -8.0435244e-01   6.0954007e-01  -3.6111434e-01  -5.9537511e-01   2.0919919e+00
   2.0000000e+00   1.1396249e+00  -8.1878921e-01   5.7620365e-01   5.8900706e-01  -1.2768957e+00  -1.1712120e+00
   2.0000000e+00  -1.1051859e+00   8.6787951e-01   1.6537394e+00   5.0689352e-01  -6.0335080e-01  -8.4381628e-01
   2.0000000e+00   2.7695599e+00  -1.7593100e+00   1.6360780e+00   1.4924444e+00   1.5072789e+00  -7.1858565e-01
   2.0000000e+00  -6.2832225e-01   9.0379163e-01  -5.4580362e-01  -5.4746356e-01  -9.4163994e-02   1.0701529e+00
   1.0000000e+00  -2.3259441e-02  -8.2151310e-01   7.4801553e-01  -1.0039190e-01   1.7406679e+00   2.3826989e-01
   2.0000000e+00   1.3038880e+00  -8.9934068e-01   1.2457356e+00  -1.3071375e+00  -1.0423916e+00  -1.0130984e+00
   2.0000000e+00  -1.2014045e+00  -5.1965848e-01   1.1544393e+00  -1.1390435e+00   3.1981199e+00   3.1250353e-02
   2.0000000e+00   3.6113438e-01  -4.3305159e-01  -3.1828584e-02   8.8527867e-02  -8.6417687e-01   1.5749289e-01
   2.0000000e+00  -4.4484739e-01  -2.6201481e-01   1.6747097e+00   1.0553987e+00   3.3179475e-01  -9.8655038e-01
   2.0000000e+00   1.5288400e+00  -1.1644643e+00  -2.8625060e-02  -5.7904968e-01  -7.5001266e-01  -5.3623846e-01
   2.0000000e+00  -5.2144719e-01  -6.8293361e-01  -6.2324290e-01  -5.9813190e-01   7.7258304e-01   5.8956953e-01
   2.0000000e+00   2.4517561e+00  -2.6189732e-01  -2.2910183e-01   1.3416048e+00   6.6268900e-02  -1.6461620e-02
   2.0000000e+00   8.0710068e-01   7.5585620e-02  -5.6126540e-01   2.0319188e-01   1.3989272e+00  -2.4129924e-01
   2.0000000e+00  -1.1594484e+00   4.7255476e-02  -4.0338577e-01   4.0087532e-01  -2.7981272e-01  -8.7736599e-01
   1.0000000e+00   4.6895349e-01   3.4807395e-01   3.1143457e-01   1.0702614e+00   1.4649480e+00  -3.0013882e-01
   1.0000000e+00   1.1037549e-01  -5.6435231e-01   3.1507184e-01  -2.0041169e-01  -1.3969071e+00   9.4643891e-01
   2.0000000e+00   1.1093402e+00   1.0764027e+00   4.4880421e-01   4.3959204e-01  -4.8861254e-01  -1.9257739e+00
   2.0000000e+00   4.0250633e-02  -1.3930363e+00   1.4293947e+00   1.7735105e+00   1.6615092e+00  -5.1639033e-01
   2.0000000e+00   1.1266197e+00  -1.6684977e+00  -8.9302166e-01   1.3972155e+00   9.9286575e-01   6.1422392e-01
   2.0000000e+00   6.5036504e-03  -8.8965884e-01   4.4983826e-02   2.0478445e-01  -5.4784610e-02  -1.1377873e+00
   1.0000000e+00  -2.9288964e-01   1.1428604e-01   3.0492156e-01   7.0871326e-01  -1.7563538e+00  -7.1878594e-01
   2.0000000e+00   6.6025847e-01   8.8076373e-02  -3.1780433e-01   9.8247896e-01   8.7971508e-01  -5.2378175e-01
   2.0000000e+00   2.0688871e-01   2.1236522e+00   8.0964472e-01  -2.1879966e-02  -1.9625294e+00  -2.8173398e-01
   2.0000000e+00  -4.9548880e-01  -1.7258543e-01   1.8069821e+00  -2.8282708e-01   4.2885350e-01   3.8173698e-01
   1.0000000e+00  -4.3177944e-01  -9.4100131e-01   7.6027655e-01  -1.7664636e-01  -7.2239523e-01   3.6136888e-01
   1.0000000e+00   1.6521214e+00  -8.4436456e-01   2.5965751e-01  -2.1059898e-01  -5.9273096e-01   5.2228464e-01
   2.0000000e+00  -2.3931906e+00  -9.1283008e-01   1.0071423e+00   5.5793575e-01   1.9382481e-02   1.0488421e+00
   2.0000000e+00  -8.1704111e-01  -4.9766752e-01  -9.8757042e-01  -3.8980968e-01   4.3559353e-01   1.1665139e+00
   2.0000000e+00   2.7967880e-01  -5.4962747e-01  -9.1395550e-02  -1.7434391e-01  -2.9310788e-01  -1.0261296e+00
   2.0000000e+00  -7.3017885e-01   9.1756733e-01   2.2996977e+00   1.0145470e+00  -8.7593471e-01   5.4370315e-01
   2.0000000e+00   5.8221249e-01  -7.6078443e-01  -3.6221214e-02  -1.1248201e+00   1.2650721e+00  -7.2087084e-03
   2.0000000e+00  -1.9266050e-01  -1.0857537e+00  -1.4043165e-01  -9.3459191e-01  -1.2261795e+00   1.6711799e+00
   2.0000000e+00  -1.2900464e+00  -2.8413243e-02  -9.1598073e-02  -3.0361328e+00   2.9172986e-01   2.4114530e-01
   2.0000000e+00  -2.2018278e+00  -2.0874958e+00   1.7908545e+00  -5.9828666e-01  -2.7892153e+00   6.8240960e-01
   1.0000000e+00  -1.7258504e+00   7.1146741e-01   5.0960702e-01  -9.0147911e-02  -1.6708829e+00  -2.1903404e-01
   1.0000000e+00  -6.7218746e-01  -1.2366957e+00   8.0939685e-01  -2.5679065e-01  -6.5696056e-01   2.6609559e-01
   1.0000000e+00   3.6243020e-01  -6.9674943e-02   1.2160286e-01  -5.3117718e-01  -3.5203216e-01  -1.4457402e-01
   2.0000000e+00   1.7944438e+00   1.3004068e+00   1.1620584e+00   1.5150239e-01  -4.5424123e-01  -3.4926231e-01
   2.0000000e+00  -5.3638663e-01   2.1849551e+00   1.8199879e+00   1.4430789e+00   4.2738403e-01   2.0236609e+00
   2.0000000e+00  -1.2654803e+00   8.4996436e-01  -7.2666855e-01   7.4650568e-01   1.4024027e+00  -1.2671624e+00
   2.0000000e+00   4.2903066e-02  -9.1117801e-01   4.6519865e-01   2.0737220e-01  -1.6952251e-01  -1.5217944e+00
   2.0000000e+00   7.2059577e-01  -6.8283866e-01   2.4010185e+00   6.6986468e-01   9.6631817e-01  -1.4249709e+00
   2.0000000e+00   3.5576758e-01   1.1348652e+00   6.7368312e-01  -5.4502793e-01  -1.0576574e+00   2.2898958e+00
   1.0000000e+00  -4.9688929e-01  -5.8106562e-01   7.8728378e-01   6.1597921e-01  -2.2513334e-01   4.3788329e-01
   2.0000000e+00  -6.8552912e-01   6.8791865e-01  -6.1572271e-01   2.3235944e-01   4.5683142e-02  -1.1380688e+00
   2.0000000e+00  -2.6198044e-01   1.3498448e+00  -4.9824785e-01  -1.5951119e+00   7.8944279e-02   8.5427200e-01
   1.0000000e+00   5.7076916e-01  -3.9075750e-01   3.8439319e-01   1.2834796e+00   7.0519721e-01  -5.3841445e-01
   2.0000000e+00  -1.3128071e+00  -1.6294219e+00   1.4577835e-02  -9.6665092e-02  -7.6969542e-01   1.5113390e+00
   2.0000000e+00   3.6239379e-02   1.2702565e+00  -2.7054266e-01   1.8714732e+00   6.2623962e-01  -4.2791552e-01
   2.0000000e+00   4.6659609e-01   6.9227853e-01   1.3293885e+00  -2.5341831e-01   4.7973465e-01   1.2909667e+00
   2.0000000e+00  -3.9753907e-01  -1.5066940e+00  -8.1387519e-01  -5.1825913e-01  -1.0126605e+00   2.0873475e+00
   2.0000000e+00  -1.4981539e+00  -1.2578237e+00   2.3055109e-01   3.1248842e-02   1.2014605e+00   1.1618369e+00
   2.0000000e+00   9.4408995e-01  -3.3779860e-01   2.0282735e+00   2.9383017e-01  -1.1865888e+00  -5.5335072e-01
   2.0000000e+00  -5.8399143e-01  -8.4704454e-01   1.7633648e+00   2.1695955e+00   8.8903093e-01  -6.7409888e-01
   2.0000000e+00   8.4039912e-01   9.0245236e-01  -6.4059529e-01   1.3099908e+00   4.5442803e-01  -5.5846033e-01
   1.0000000e+00  -7.8322877e-01  -4.1683808e-01   4.6705596e-01   1.3277157e+00  -8.6171659e-01   7.5189305e-02
   2.0000000e+00   1.7099348e+00  -3.4798562e-01   1.4941173e-01  -1.0317039e+00   2.2508095e-01   1.1800174e+00
   2.0000000e+00  -1.0787760e-01   5.4489779e-02  -1.5990611e+00  -1.4215453e-01  -1.4113349e+00   4.2928174e-01
   2.0000000e+00  -1.1995657e+00  -6.9111086e-01   4.6791198e-01   3.6050547e-03  -4.9855924e-01   1.4750999e+00
   2.0000000e+00  -1.6885209e+00  -1.8788614e+00  -8.9359754e-02   1.6716054e+00  -8.6218809e-01  -8.1494397e-01
   2.0000000e+00   1.4010943e+00   3.4348843e-01  -2.3729203e-01   9.4634103e-01  -1.8156037e-01  -5.1370934e-01
   2.0000000e+00   2.7727908e-02   3.4534007e-02  -2.0527144e-01  -3.2077475e-01   9.1377044e-01   3.0463468e-01
   2.0000000e+00  -3.4383243e-01  -3.2267168e-01   3.2435724e-01   5.4981689e-01   2.1873013e+00   4.0336104e-01
   2.0000000e+00  -3.6883254e-01   4.9122152e-02  -3.5991854e-02   6.7260268e-01  -8.9179628e-01  -2.0263316e-01
   2.0000000e+00   5.4745604e-01   1.0977620e-01   1.5533766e+00  -8.4034915e-01   2.4815033e+00  -9.3391796e-01
   2.0000000e+00  -1.9089739e+00   1.2514768e+00  -1.3154081e+00   1.2846202e+00  -2.3902466e-01  -9.3145148e-01
   2.0000000e+00  -1.3347948e+00   4.7891813e-01  -1.5468921e+00  -8.4057991e-02  -9.4657685e-01  -1.4858500e-01
   1.0000000e+00   9.1724659e-01   1.9320510e+00   7.5373053e-01   2.1321223e+00   2.4560127e-01   5.1753831e-01
   2.0000000e+00   6.4845444e-01   7.4068451e-01  -3.4577636e-01  -4.1035929e-01   2.0100996e+00  -1.5822564e+00
   1.0000000e+00  -6.2638590e-01  -3.0764916e-02   4.9481554e-01   4.3984892e-01  -7.5500602e-01  -2.1169919e-01
   2.0000000e+00  -1.2026368e+00   2.5555271e-01  -3.6751468e-01  -1.5974256e+00  -1.4859125e-01  -6.6427432e-01
   2.0000000e+00  -1.5500076e+00  -2.5251595e-01   9.4896110e-01   3.1004136e-01   8.0643999e-01   4.3853066e-01
   2.0000000e+00   1.8998424e+00  -6.5223024e-01  -8.2757397e-01   9.6139243e-03  -1.1651054e+00   9.1939086e-01
   2.0000000e+00  -5.3709499e-01  -6.4755311e-01  -4.0201473e-01  -2.5021431e+00  -1.1644403e+00   5.6635795e-01
   2.0000000e+00  -1.3804552e+00  -1.5195533e+00   2.0240812e+00   3.1531057e-01   9.3795179e-01   1.1715851e+00
   2.0000000e+00   7.0825711e-01  -9.6661591e-01  -2.0873763e+00   1.1373177e+00  -7.2392924e-01  -5.1888260e-01
   2.0000000e+00  -5.8464093e-01   4.5639038e-01  -1.3480209e+00  -5.2500656e-01   2.9159096e-02   5.8059624e-01
   2.0000000e+00  -3.5815749e-02  -3.6509226e-01   8.1776560e-01   2.1929687e+00  -1.3495668e+00   1.2811508e+00
   2.0000000e+00  -3.2451724e-01  -7.1201148e-01   3.3854768e-01  -2.4429836e+00  -9.6182232e-01   1.5133426e+00
   2.0000000e+00   1.0619703e+00  -2.1553911e-01  -4.1156834e-02   2.8775374e+00  -2.8614720e-01   2.5517656e-01
   2.0000000e+00   5.0216430e-01   4.7759371e-01   9.7483375e-01   4.0394842e-01   2.7625937e-01   7.3142909e-01
   2.0000000e+00  -2.3126384e+00  -8.6979819e-01  -3.4144681e-01   1.4370017e+00  -6.9433913e-01  -2.2111596e-01
   1.0000000e+00  -9.1317234e-01   2.5714790e-01   4.3119224e-02  -8.1109739e-01   7.6411482e-01   1.3580146e-01
   1.0000000e+00  -1.1631591e+00   6.4126867e-01   9.1481275e-01   9.3533623e-01  -4.3887295e-01  -2.5520568e-01
   1.0000000e+00  -1.3986931e+00  -5.4154725e-01   9.2269251e-01   1.5743983e+00  -1.0067248e+00   1.2492912e-02
   2.0000000e+00   4.3695251e-01  -5.4669429e-01   6.8850145e-01   1.5015546e-01   1.0720165e+00  -1.1843439e+00
   1.0000000e+00   4.7733584e-01   5.8604051e-02   4.3719958e-01  -7.2866341e-01   7.5379845e-01   4.6089682e-01
   2.0000000e+00   6.6951141e-01   3.1262295e-01   1.5813589e+00   1.5802598e+00  -1.0901552e+00   1.7998022e+00
   2.0000000e+00  -8.0453743e-01  -3.2129852e-01   2.1887475e+00  -4.5680740e-01  -4.4864165e-03  -8.4340581e-01
   2.0000000e+00  -2.3640763e+00  -6.8064933e-01   9.8418007e-01   6.9645342e-02   1.9043721e-01  -6.0838885e-01
   2.0000000e+00  -8.2413263e-01  -8.7093558e-01  -4.6857991e-01  -2.7536357e+00   5.0705820e-01  -1.0658569e+00
   2.0000000e+00  -4.3332263e-01  -6.3158947e-02  -5.4481955e-01  -9.7196854e-02   7.4990779e-01   4.9613904e-02
   1.0000000e+00  -1.1097721e+00   1.0765051e+00   4.1441152e-01   5.3749302e-01  -1.3899714e+00   2.0570927e-01
   2.0000000e+00  -4.3006904e-01  -6.2214833e-01  -5.0269645e-01  -7.8427905e-01  -1.5391096e+00   1.2486758e+00
   2.0000000e+00  -9.9476292e-01  -9.3832618e-01  -1.1723971e+00  -5.4031344e-02   2.0916209e+00  -9.4791646e-01
   1.0000000e+00   3.2323511e-01  -1.1092157e+00   5.2893367e-01   1.3017715e+00  -8.3430939e-01   2.0557391e-01
   2.0000000e+00  -4.9880840e-01   7.3577026e-02  -8.8895274e-01   9.8572919e-01  -1.0175915e+00   1.2545793e+00
   2.0000000e+00  -1.7423272e+00   8.1616670e-01   2.2365165e+00   2.1909486e+00  -2.6751916e-01  -1.5208059e+00
   2.0000000e+00   5.5499356e-01   7.9031956e-01  -8.1249733e-01   1.9776991e-01   8.4667464e-01   1.0221387e+00
   2.0000000e+00  -9.7676383e-01  -2.0726903e-01   9.8034518e-01   6.3095067e-01  -1.1375504e+00  -1.1875931e+00
   2.0000000e+00   5.5613477e-01   7.3033873e-01  -1.0381462e+00   1.6797238e+00  -7.0384427e-01  -6.2143774e-01
   2.0000000e+00  -4.5354895e-01  -1.0698602e+00  -6.2841307e-01  -9.4556745e-01   8.3485801e-01  -9.6987661e-01
   2.0000000e+00  -1.2502878e+00  -3.7683651e-01  -4.1006752e-01  -7.5118569e-01  -2.8461468e-02  -2.3853384e-01
   2.0000000e+00   5.9501836e-01   1.3076603e+00   2.6999952e+00  -1.1059275e+00  -7.7000148e-01  -3.7866168e-01
   1.0000000e+00  -2.8983108e-01  -1.0126206e+00   2.7156572e-01   4.3460549e-01  -6.8707572e-01   4.7383261e-01
   2.0000000e+00  -9.5540274e-01  -3.4203078e-02  -9.6192660e-01  -1.2966178e+00  -1.4859429e+00  -8.8639546e-01
   1.0000000e+00   1.4001675e+00   1.9337702e-01   2.9584685e-01   6.6340577e-01  -9.2491257e-01   1.8293798e-02
   2.0000000e+00   3.2810882e-01  -2.2666251e-01  -1.1973748e+00   1.2061281e+00  -1.1085278e+00   2.6122269e-01
   2.0000000e+00  -1.8217975e+00   2.3890562e-01   1.4734094e+00  -9.4349205e-02   4.8293546e-02  -3.9883321e-01
   2.0000000e+00   1.2166869e+00   2.4830781e-01   1.2304193e-01   1.4851641e+00   2.2824622e+00  -9.2621714e-01
   2.0000000e+00  -5.3917465e-01   1.9139606e-01  -6.6520756e-01   1.3710861e+00  -3.8417626e-01  -9.8072527e-01
   2.0000000e+00  -8.1555796e-01   2.9573735e-01  -1.4402409e+00   2.8882035e-01  -1.2984149e-01   1.3314398e+00
   2.0000000e+00   1.5051359e+00  -1.3288085e-01  -1.2614649e+00   6.7078839e-01   3.6305087e-01  -1.0646556e+00
   1.0000000e+00   2.9970753e-01   9.8603424e-01   5.8171876e-01  -8.6221501e-01   4.2459377e-01  -2.4942574e-01
   2.0000000e+00   2.0395452e+00   1.7307985e-01  -8.4846105e-01  -6.9198693e-01   9.5431528e-01  -1.0476850e+00
   2.0000000e+00   6.4546751e-01  -4.6607113e-01   5.7439031e-01   5.1787779e-01  -1.0383490e+00   8.2847118e-01
   1.0000000e+00  -2.5630514e-01   1.3766052e+00   5.0909405e-01  -1.0309504e+00  -9.7237576e-01   4.1496749e-01
   2.0000000e+00  -1.7216046e-02   4.4693104e-01   7.6941827e-01   7.9822496e-01   2.8148470e+00   1.2810443e+00
   2.0000000e+00   2.6458500e-01   4.8482809e-01   1.5071735e+00  -2.7302721e-01  -1.0160687e+00   7.2930688e-02
   1.0000000e+00   6.4901587e-01  -1.3336929e+00   8.0318180e-01   1.3708942e-01  -5.7922341e-01   3.9458552e-01
   2.0000000e+00   3.4859428e-02   1.2769502e+00  -2.0766588e+00   4.4904915e-02   2.0390018e+00   1.0820219e+00
   2.0000000e+00   1.7080891e-01  -1.2760211e+00  -6.4553119e-01   1.4691085e+00  -1.3171433e+00   3.6497368e-01
   2.0000000e+00  -4.2919626e-01  -1.3772286e+00   2.5576963e-02  -7.0162384e-01  -8.9842503e-01  -1.9435592e+00
   2.0000000e+00  -1.0455108e+00  -1.1087964e-02  -3.3152218e-01   2.0132368e+00  -1.6129338e+00  -6.6846179e-01
   2.0000000e+00   1.8212439e-01  -5.6615720e-01   1.9559885e+00  -9.0805715e-02   6.6088970e-01   1.0612917e+00
   2.0000000e+00  -7.9021703e-01  -5.2099881e-01  -5.0873954e-01  -3.0588567e-01  -5.2007253e-01  -5.3386688e-01
   2.0000000e+00  -4.9060285e-01   1.2614681e+00  -3.7625457e-03  -1.4524444e+00   3.4928189e-01  -2.8272158e-01
   1.0000000e+00  -6.5375553e-01   1.0694900e+00   8.9939590e-02  -6.2665406e-01   1.1646311e+00   3.5235435e-01
   2.0000000e+00  -1.2085559e+00  -4.6130027e-01  -5.8814703e-01  -8.9311792e-01  -1.5571319e+00  -2.0621402e+00
   2.0000000e+00  -5.1523511e-01   3.9256596e-01   8.8884401e-01   1.0112458e+00  -5.8409657e-01   1.7831295e+00
   2.0000000e+00  -4.4534811e-01   5.2002062e-01   2.6076791e-01  -1.6333217e+00  -8.3662464e-01   1.1100981e+00
   2.0000000e+00  -1.4162926e-01   1.7190338e-01   1.0646184e+00  -6.2848490e-01  -1.2482185e+00  -8.0833961e-01
   2.0000000e+00  -1.6517991e+00   6.0439831e-01   8.7785351e-02  -1.0448297e+00  -4.1818454e-01  -1.4631480e+00
   2.0000000e+00  -3.7130884e-01  -8.0956193e-01   1.1007890e+00   5.2747611e-01  -8.2765755e-01   2.1991501e+00
   2.0000000e+00   4.7738731e-01  -9.0169360e-02  -8.6342601e-01   1.7560122e+00   3.9326873e-01   3.6010214e-01
   2.0000000e+00   1.3334081e+00  -5.9647831e-01   1.3059395e+00   1.7057457e+00  -3.8290835e-01   1.3653188e+00
   2.0000000e+00   1.2309238e+00  -1.4036828e+00  -2.9125882e-01  -9.3338233e-01   9.3916385e-01  -4.3731381e-01
   2.0000000e+00   4.1967938e-01  -6.3340818e-01  -2.2317504e+00  -9.6903124e-01   1.4977881e+00   7.3582786e-01
   2.0000000e+00   5.2234147e-02  -8.7443604e-01  -1.5136589e-02  -3.8633665e-01   5.5550796e-01  -4.3362107e-01
   2.0000000e+00  -3.0474460e-01   7.6999342e-02  -2.1319757e-01  -2.8213412e-02   7.8915886e-02  -1.1365676e+00
   2.0000000e+00   1.1487894e+00   3.9327491e-01   1.3678005e-01   1.8009464e+00   5.3406077e-01   1.2760803e+00
   2.0000000e+00   2.1868039e+00  -3.2309971e-01  -1.1416197e-01  -4.9499355e-01   6.8323271e-01  -1.6873018e-01
   2.0000000e+00  -2.4338716e-01   8.4165549e-01   2.6790413e-01   1.4966896e-01   1.0146519e+00  -1.0711713e+00
   2.0000000e+00  -1.0517576e+00  -7.8857277e-01   4.3013351e-01   2.4611302e-01   4.1093789e-01  -1.0191661e+00
   2.0000000e+00  -1.9928776e+00  -1.4793886e+00   4.4802026e-01  -9.5567163e-01  -6.8952846e-01  -1.3269169e+00
   2.0000000e+00  -1.8390203e+00  -2.5371377e+00   1.2450621e+00  -1.7272176e+00  -1.6634174e+00  -6.4801941e-02
   2.0000000e+00   3.8789696e-01  -2.5412312e+00  -7.5250713e-01  -6.8311038e-01  -5.1423705e-01   8.1884517e-01
   2.0000000e+00   1.1897617e+00   4.0464889e-03  -1.8359225e+00   1.5729489e+00   7.0165099e-01  -2.1074532e-01
   2.0000000e+00   3.0690687e-01   1.9164258e+00  -6.4281774e-01  -3.4332633e-01   7.6985475e-01  -1.0786987e+00
   2.0000000e+00   2.1263902e-01  -5.2703885e-01   7.4316108e-01  -1.8592041e+00  -7.1877946e-01   8.7366474e-01
   2.0000000e+00  -1.9735069e-03   2.8692828e-01  -4.7510290e-01   1.4500895e+00  -2.0788947e+00   4.4321353e-01
   1.0000000e+00  -9.3789884e-01  -3.4268846e-01   1.5794216e-01   5.4654864e-02  -5.4357831e-01   2.5954275e-01
   2.0000000e+00   1.0335946e+00  -3.4557667e-01  -7.5985770e-01   1.2937269e+00  -6.0770245e-01   7.3567789e-01
   1.0000000e+00  -2.0270670e+00  -1.4248327e+00   1.2279888e-01  -8.3285236e-01  -5.4390947e-02   8.7462069e-02
   2.0000000e+00  -1.4670715e+00  -8.8757554e-01  -3.3072739e-01  -2.9163407e-01  -5.1952817e-01   1.1137927e+00
   2.0000000e+00  -1.2772641e+00  -4.9196160e-01  -1.0370323e+00  -1.8610583e+00   8.0068771e-01   6.4884543e-01
   2.0000000e+00   4.2493224e-01  -7.2903223e-02   1.2143415e+00  -1.0904641e+00  -1.2681512e+00   1.9107893e+00
   2.0000000e+00   4.8380090e-01   6.1675501e-01   1.1050759e+00  -6.9299499e-01  -1.8528411e+00   6.2192801e-01
   2.0000000e+00   7.4300046e-01  -1.8587721e+00  -2.2129386e-01  -1.4673288e+00  -1.3959211e+00   1.9021493e-01
   2.0000000e+00   7.4487280e-03   5.1773201e-01  -1.5186033e+00   1.0733676e+00  -6.2455001e-01   1.2223551e+00
   1.0000000e+00  -1.1537657e+00   5.1133335e-01   2.2919219e-01  -7.3524625e-02  -2.4530310e-01  -4.4012041e-01
   2.0000000e+00  -9.1948301e-01  -9.2862313e-01  -4.6313004e-01   3.4243868e-01   2.2060972e-01   2.7213426e-01
   2.0000000e+00  -3.0539719e-01   1.1235152e+00   8.2620648e-01  -4.3247852e-01  -4.3114624e-01  -1.0246721e+00
   2.0000000e+00   6.9238730e-01   6.5938454e-01  -1.1298118e+00   2.9364642e-01  -1.2949232e+00   5.3078779e-01
   2.0000000e+00   1.1214865e+00  -3.7307465e-01   1.5197993e+00   9.1723472e-01   7.3613937e-01  -4.0235447e-01
   2.0000000e+00  -1.4428944e+00   3.2205094e-01  -1.3606049e+00   7.8345484e-01   2.8137347e-02  -8.1916151e-01
   1.0000000e+00   1.0054275e+00  -5.5815993e-01   1.2071077e-01   1.3254548e+00  -8.2783513e-01  -2.5102115e-01
   2.0000000e+00   2.1374695e+00  -2.2749672e+00  -5.3948578e-01   5.6120502e-02  -5.6818401e-01  -8.9249195e-01
   2.0000000e+00  -2.8212041e-01  -8.5181760e-01  -2.1924353e-01  -1.0874731e+00  -1.6392567e+00   1.4084005e+00
   2.0000000e+00   7.9207446e-01  -3.6893020e-01  -1.8174841e-01  -7.8780829e-01  -1.3868383e-01   6.2797638e-01
   2.0000000e+00   1.4801389e+00  -8.7539329e-01  -7.3881635e-01  -1.5811887e+00   6.8699680e-01  -1.1252189e+00
   2.0000000e+00  -6.2280379e-01   2.4741364e-01   5.3527587e-01  -4.8886470e-01  -3.1623110e-01  -1.2405857e+00
   2.0000000e+00   8.4098606e-01  -9.2972593e-01   2.4657038e+00   7.7058252e-01  -1.1947632e+00   9.0185418e-01
   2.0000000e+00  -5.9822565e-01   8.8996551e-01  -6.9123939e-01  -7.3066350e-02   7.6254428e-01  -9.1444767e-01
   1.0000000e+00  -1.0065981e+00   7.9673640e-02   2.1113609e-01  -5.5802951e-02   1.2562106e-01  -4.7683611e-01
   2.0000000e+00   1.1060970e-01   1.3123529e-01   3.2687772e-01  -1.2550213e+00   2.3250848e+00  -3.5472411e-01
   1.0000000e+00   1.7435449e+00  -8.0164012e-02   9.5579110e-01   5.1940597e-01   2.5237020e-01   1.0272385e-01
   2.0000000e+00  -1.2968129e+00   2.2939497e+00   1.5166844e+00  -2.3523493e-01  -3.8719143e-01  -4.8774610e-01
   1.0000000e+00   3.6777217e-01  -1.2144829e+00   6.9034687e-01   5.5882482e-01  -8.9653592e-01   6.6825838e-01
   2.0000000e+00   7.5092439e-01  -2.7479360e+00  -1.6390669e+00  -7.4495338e-01   2.6435020e-02   1.7910343e+00
   2.0000000e+00  -1.2958041e+00  -9.0805758e-01   2.9596228e-01  -1.1459009e+00  -3.2022868e-01   1.7838360e+00
   1.0000000e+00   4.8967844e-03   2.4756884e-01   7.6316060e-01  -6.7751528e-02   6.5447419e-01   1.9907022e-02
   2.0000000e+00   1.4220940e+00  -1.2132430e+00  -1.4736951e+00   1.3322903e+00  -1.4104418e+00   1.4072790e+00
   2.0000000e+00  -1.3369630e+00  -4.2558978e-01  -1.1320619e+00  -1.0293074e+00  -2.3011756e-01  -5.5275882e-01
   2.0000000e+00  -7.7524600e-01   9.7743913e-01  -1.9128580e+00   6.2170756e-01   2.1153369e-02  -5.3775903e-01
   2.0000000e+00   3.3711246e-01  -2.5265007e-01   2.8082750e-01   6.2576952e-01   1.0288459e+00   1.1609777e+00
   2.0000000e+00   4.7388055e-01   8.3578346e-01   3.0217861e-01   4.5462952e-01   5.0007457e-02  -1.4154011e+00
   2.0000000e+00  -1.2465521e-01  -4.5711894e-01  -4.1065194e-02   9.2819010e-01  -5.1978647e-01  -7.9458444e-01
   2.0000000e+00  -1.0595793e+00  -7.5697457e-01  -8.8789563e-02   1.1016298e+00  -5.8360947e-01   4.7169007e-01
   2.0000000e+00   3.3761067e-01   1.0435473e+00  -1.4882973e-02  -7.9498836e-01  -3.2755187e-01  -7.5471493e-01
   2.0000000e+00  -8.3198216e-01  -2.0835641e-01   1.6597100e+00  -7.1786054e-01  -8.3352682e-01  -1.9937080e-01
   2.0000000e+00   6.4916259e-01   1.9481441e-02   1.7021375e+00   6.3566090e-01   9.3626812e-01   8.6681975e-01
   2.0000000e+00  -9.2728588e-01   7.6841822e-02   3.7765993e-01  -1.8152698e+00   1.3865302e+00   1.1541498e+00
   2.0000000e+00  -2.4179760e+00   1.5401378e+00   9.9364632e-01   6.4368364e-01  -5.3922618e-01  -1.6758997e+00
   1.0000000e+00  -9.7778541e-01  -1.3879841e+00   8.7866499e-01  -2.2234875e-01  -7.7269122e-01   3.2997356e-02
   2.0000000e+00   8.1363987e-01   4.3001968e-01  -4.2733746e-01   1.4002906e+00   1.3723605e+00   4.9055083e-02
   2.0000000e+00   1.1679317e+00  -7.1244416e-01  -1.5607750e+00   7.0320120e-04  -1.4789489e-01  -6.2873869e-02
   1.0000000e+00  -8.7431785e-02   1.5501017e+00   2.6782416e-03   4.5650601e-02  -5.9575423e-03   5.2664367e-01
   2.0000000e+00   4.5532476e-01   1.4979218e+00  -7.4734681e-01   4.0199645e-01   5.3262288e-01  -6.2249934e-01
   2.0000000e+00   1.2307032e+00  -7.0058123e-01  -8.8395229e-01   9.1734203e-01  -1.9821800e+00   1.0428074e+00
   2.0000000e+00   2.5178866e-01   1.5557495e-01  -4.9063024e-01  -1.4554679e+00   2.6519402e-01   3.2321098e-01
   2.0000000e+00  -1.1144272e+00  -1.9743377e+00   1.5899563e+00  -2.2690304e+00  -1.6799775e-01   1.0146235e+00
   1.0000000e+00  -1.5150005e+00   1.0274248e+00   3.9751961e-02  -1.1432031e+00   9.2955108e-01  -2.6232201e-01
   2.0000000e+00  -8.8235325e-01  -5.5940784e-01   1.8890365e+00  -6.0147408e-01   4.2775176e-01  -5.4710154e-01
   2.0000000e+00   1.6357255e+00   6.6862714e-01  -1.2237161e+00   2.0157024e-01   1.8967338e-01   4.8229359e-01
   2.0000000e+00  -5.6225764e-01   1.2795977e+00   1.9474904e+00   3.3595464e-01   9.2356642e-01  -9.9588852e-01
   2.0000000e+00  -7.3856430e-01   7.6674925e-01   2.1199994e+00  -1.1037045e+00  -5.8425557e-02   1.7737863e+00
   2.0000000e+00   1.9667351e+00   8.3099484e-01   7.4381584e-01  -1.2785526e+00   9.4104579e-01   1.2875539e+00
   2.0000000e+00   1.4573026e+00   4.7389026e-01  -3.9550154e-01  -8.9678650e-02   1.7190507e+00  -2.1664175e-01
   1.0000000e+00  -8.1986119e-01  -8.4694864e-01   9.5919955e-02  -2.0518779e+00  -1.0999488e-01   2.2006395e-01
   2.0000000e+00   1.8318647e-01  -6.1848899e-01   1.7406148e+00   2.4953133e-01   1.6296066e+00   5.9850598e-01
   2.0000000e+00  -5.4295152e-01  -4.4405414e-01  -1.3547733e+00  -3.7813478e-01  -3.3722431e-01  -6.2572021e-01
   2.0000000e+00   1.8643350e-01  -1.2134947e+00  -2.3946992e-01   2.1302227e+00   3.0140273e-01   9.8858413e-01
   2.0000000e+00   2.8544547e-01   4.1753988e-01  -8.5155203e-01  -8.2195051e-01  -1.2246843e+00   7.8000473e-02
   2.0000000e+00   1.2974205e+00   2.5969302e-01   4.3824676e-01   3.2553186e-01  -3.4576014e-01   2.0692920e+00
   1.0000000e+00   2.7355498e-01   1.4325608e+00   8.9270854e-02  -4.5793022e-01   1.8959171e+00   6.3603263e-01
   2.0000000e+00  -6.4957954e-01   1.0574920e+00  -6.5148462e-01  -1.1576455e+00  -9.0330178e-01  -2.7026727e-01
   2.0000000e+00  -5.1158895e-01  -8.2356189e-01  -7.4890031e-02  -2.4124689e-02   4.9978378e-01  -3.4636978e-01
   1.0000000e+00   9.2914201e-01   2.0544791e-02   4.6496231e-01   8.9557183e-01   2.4938759e-01  -4.7815842e-02
   2.0000000e+00  -6.3402485e-01  -1.5706487e+00   2.0184148e+00   8.4437435e-01  -2.2410628e+00  -1.2971853e-01
   2.0000000e+00  -1.5775739e+00  -1.3216144e+00  -7.7791795e-01   1.5150844e+00  -3.8205253e-01   1.5966782e-01
   1.0000000e+00  -2.1228109e-01  -9.1944910e-01   3.9060087e-01   5.4405040e-01  -6.4333253e-01   5.5104746e-01
   2.0000000e+00  -7.5173220e-01   9.4052924e-01   1.7497318e+00  -1.4233194e+00   3.6426943e-01  -7.9212723e-01
   1.0000000e+00   2.8234416e-01   2.5895103e-01   4.7558861e-02   4.8116719e-01  -1.8409697e+00  -3.8943218e-01
   1.0000000e+00   7.9615342e-01   4.9707896e-01   4.3937018e-01   3.1654991e-01   8.8425361e-01  -7.7391440e-01
   1.0000000e+00  -4.1737516e-01  -3.6729334e-01   3.1631366e-01   1.1574964e+00  -7.5150931e-01   3.2454447e-01
   2.0000000e+00   2.0437405e+00  -1.0771903e+00   1.3548151e+00   3.0718562e+00  -7.2277384e-01   6.3169611e-01
   2.0000000e+00  -1.7388444e+00  -1.7332969e+00   9.6953311e-01   1.2130084e-01   1.3231677e+00   3.9436652e-01
   1.0000000e+00  -7.8313248e-01  -7.4718181e-01   2.8115760e-01   4.2157084e-01  -1.8285820e+00   5.3354720e-01
   1.0000000e+00   1.2238132e+00   1.9621982e-01   3.1095147e-01   8.3136598e-01  -9.4490596e-02  -2.9661840e-02
   2.0000000e+00  -1.3624054e+00  -8.0856919e-01   4.5783804e-01   1.6078499e-01  -8.5107814e-01   1.1302170e+00
   2.0000000e+00  -1.9656441e-01   1.0850013e+00  -6.1428084e-01  -2.0886361e+00  -2.2280780e-01  -1.1398421e-01
   1.0000000e+00   1.1358822e+00  -7.6685467e-01   7.2420083e-01   7.7352443e-01  -6.5697995e-01   6.8326031e-01
   2.0000000e+00  -6.4971612e-01   9.6322405e-01   1.4583602e-01   1.5291992e+00  -3.2045324e-01   1.6181254e+00
   2.0000000e+00   2.9913026e-01   6.4559210e-02  -1.1433674e+00   5.5251795e-01   4.1091224e-01   2.2893665e+00
   2.0000000e+00   1.2972759e-01   1.0478688e+00   5.5533618e-01  -3.1907241e-01   2.5166439e+00  -3.1947772e+00
   2.0000000e+00  -1.2462593e-01  -7.2057154e-01  -1.9701609e-01   3.6829867e-01  -1.2280441e-01  -1.6972990e+00
   2.0000000e+00   1.0347579e+00   8.6243297e-01   7.1160514e-02   5.8107357e-01   1.7288868e+00  -1.4455415e+00
   2.0000000e+00   1.1897616e+00   5.7774267e-01  -8.5633625e-01  -9.9506044e-01  -1.1068614e+00  -4.8889778e-01
   1.0000000e+00   2.2733646e-01   1.3433418e+00   9.0056741e-01  -1.2396575e+00  -1.5041097e+00  -3.3578192e-01
   2.0000000e+00  -1.7845658e+00   2.9023051e-01  -7.5908545e-01  -3.3030470e-01   5.8280951e-01  -2.1360277e+00
   2.0000000e+00   1.2743967e+00   5.1090716e-01   1.4114323e+00  -8.3968942e-02  -2.2076831e+00  -6.1991872e-01
   2.0000000e+00   1.8342958e-01  -2.3544748e-01  -1.2256977e+00   1.1496972e+00   5.5564645e-01   1.7273139e-02
   2.0000000e+00  -1.9030955e+00   2.5566653e-01   7.3464418e-01  -8.5551029e-01   8.3585348e-02  -1.4245185e+00
   2.0000000e+00  -1.8450717e-01   1.6096845e+00  -4.5100409e-01   1.6216552e+00   3.3336911e-01   5.1679895e-01
   1.0000000e+00   1.5383534e-01  -1.6267264e+00   1.4299874e-01  -1.1276479e+00   7.3400552e-01  -1.5981549e-01
   2.0000000e+00  -5.2592893e-01  -5.9686231e-02  -8.0044825e-01  -5.4304469e-01  -1.4407139e+00   1.1049700e-01
   2.0000000e+00   6.7027040e-01   4.4404439e-01  -9.8568064e-01   1.3532541e+00   1.0303322e+00  -1.4962362e+00
   1.0000000e+00   5.5791925e-01   1.3304774e-01   6.5965777e-01  -1.2331145e+00   1.2468614e+00  -4.4352280e-01
   2.0000000e+00   9.2382544e-01   5.5118770e-01  -5.8441328e-01  -1.0853458e+00  -4.3247167e-01   1.1540888e+00
   2.0000000e+00   8.6639565e-02  -1.3454697e-01   1.2598262e+00   1.9989729e-01  -3.1267582e-01  -9.7315073e-01
   2.0000000e+00   2.4366645e-01  -1.0201950e+00  -1.9808136e+00  -2.3262414e-01   4.2644336e-01  -3.1983041e-01
   2.0000000e+00  -6.1180124e-01  -1.1259302e+00   2.5452806e+00   1.3824017e-01  -8.3809712e-01   1.9517409e+00
   2.0000000e+00   1.9945836e+00  -9.4739147e-01   1.7007010e+00   8.2275471e-02  -1.0141364e+00  -1.1776580e+00
   2.0000000e+00  -6.9478911e-01   1.8347969e-01  -1.0096081e-01   8.5280834e-01   2.9159590e-01   5.5804981e-01
